637566976 0.504059
637599744 0.499281
637632512 0.495743
637665280 0.492358
637566978 0.504059
637599746 0.499281
637632514 0.495743
637665282 0.492358
637566980 0.469586
637599748 0.469586
637632516 0.469586
637566982 0.469586
637599750 0.469586
637632518 0.469586
637566984 0.571343
637599752 0.562249
637632520 0.551948
637566986 0.571343
637599754 0.562249
637632522 0.551948
637566989 0.502902
637632525 0.502902
637566993 0.502902
637632529 0.502902
637566997 0.502902
637632533 0.502902
637567001 0.502902
637632537 0.502902
637567005 0.502902
637632541 0.502902
637567104 0.656134
637599872 0.630282
637632640 0.611131
637665408 0.592814
637567106 0.656134
637599874 0.630282
637632642 0.611131
637665410 0.592814
637567108 0.802921
637599876 0.762827
637632644 0.712796
637567110 0.802921
637599878 0.762827
637632646 0.712796
637567112 1.02024
637599880 0.97103
637632648 0.915287
637567114 1.02024
637599882 0.97103
637632650 0.915287
637567117 0.681708
637632653 0.681708
637567121 0.681708
637632657 0.681708
637567125 0.681708
637632661 0.681708
637567129 0.681708
637632665 0.681708
637567133 0.681708
637632669 0.681708
637567232 0.621662
637600000 0.600586
637632768 0.584975
637665536 0.570042
637567234 0.621662
637600002 0.600586
637632770 0.584975
637665538 0.570042
637567236 0.802921
637600004 0.762827
637632772 0.712796
637567238 0.802921
637600006 0.762827
637632774 0.712796
637567240 0.918482
637600008 0.878367
637632776 0.832924
637567242 0.918482
637600010 0.878367
637632778 0.832924
637567245 0.803675
637632781 0.803675
637567249 0.803675
637632785 0.803675
637567253 0.803675
637632789 0.803675
637567257 0.803675
637632793 0.803675
637567261 0.803675
637632797 0.803675
637567360 0.435114
637600128 0.439891
637632896 0.44343
637665664 0.446815
637567362 0.435114
637600130 0.439891
637632898 0.44343
637665666 0.446815
637567364 0.469586
637600132 0.469586
637632900 0.469586
637567366 0.469586
637600134 0.469586
637632902 0.469586
637567368 0.36783
637600136 0.376923
637632904 0.387224
637567370 0.36783
637600138 0.376923
637632906 0.387224
637567373 0.836124
637632909 0.836124
637567377 0.836124
637632913 0.836124
637567381 0.836124
637632917 0.836124
637567385 0.836124
637632921 0.836124
637567389 0.836124
637632925 0.836124
637567488 0.283038
637600256 0.308891
637633024 0.328041
637665792 0.346359
637567490 0.283038
637600258 0.308891
637633026 0.328041
637665794 0.346359
637567492 0.136252
637600260 0.176345
637633028 0.226376
637567494 0.136252
637600262 0.176345
637633030 0.226376
637567496 -0.0810657
637600264 -0.0318579
637633032 0.0238858
637567498 -0.0810657
637600266 -0.0318579
637633034 0.0238858
637567501 0.77036
637633037 0.77036
637567505 0.77036
637633041 0.77036
637567509 0.77036
637633045 0.77036
637567513 0.77036
637633049 0.77036
637567517 0.77036
637633053 0.77036
637567616 0.317511
637600384 0.338586
637633152 0.354198
637665920 0.36913
637567618 0.317511
637600386 0.338586
637633154 0.354198
637665922 0.36913
637567620 0.136252
637600388 0.176345
637633156 0.226376
637567622 0.136252
637600390 0.176345
637633158 0.226376
637567624 0.0206907
637600392 0.0608052
637633160 0.106248
637567626 0.0206907
637600394 0.0608052
637633162 0.106248
637567629 0.624003
637633165 0.624003
637567633 0.624003
637633169 0.624003
637567637 0.624003
637633173 0.624003
637567641 0.624003
637633177 0.624003
637567645 0.624003
637633181 0.624003
637567757 0.436271
637633293 0.436271
637567761 0.436271
637633297 0.436271
637567765 0.436271
637633301 0.436271
637567769 0.436271
637633305 0.436271
637567773 0.436271
637633309 0.436271
637567885 0.257465
637633421 0.257465
637567889 0.257465
637633425 0.257465
637567893 0.257465
637633429 0.257465
637567897 0.257465
637633433 0.257465
637567901 0.257465
637633437 0.257465
637568013 0.135497
637633549 0.135497
637568017 0.135497
637633553 0.135497
637568021 0.135497
637633557 0.135497
637568025 0.135497
637633561 0.135497
637568029 0.135497
637633565 0.135497
637568141 0.103048
637633677 0.103048
637568145 0.103048
637633681 0.103048
637568149 0.103048
637633685 0.103048
637568153 0.103048
637633689 0.103048
637568157 0.103048
637633693 0.103048
637568269 0.168813
637633805 0.168813
637568273 0.168813
637633809 0.168813
637568277 0.168813
637633813 0.168813
637568281 0.168813
637633817 0.168813
637568285 0.168813
637633821 0.168813
637568397 0.315169
637633933 0.315169
637568401 0.315169
637633937 0.315169
637568405 0.315169
637633941 0.315169
637568409 0.315169
637633945 0.315169
637568413 0.315169
637633949 0.315169
637571072 0.537484
637603840 0.528074
637636608 0.521104
637669376 0.514437
637571074 0.537484
637603842 0.528074
637636610 0.521104
637669378 0.514437
637571076 0.536424
637603844 0.528384
637636612 0.518353
637571078 0.536424
637603846 0.528384
637636614 0.518353
637571080 0.670007
637603848 0.652097
637636616 0.631808
637571082 0.670007
637603850 0.652097
637636618 0.631808
637571200 0.665091
637603968 0.637997
637636736 0.617927
637669504 0.59873
637571202 0.665091
637603970 0.637997
637636738 0.617927
637669506 0.59873
637571204 0.831275
637603972 0.787771
637636740 0.733484
637571206 0.831275
637603974 0.787771
637636742 0.733484
637571208 1.04668
637603976 0.995105
637636744 0.936685
637571210 1.04668
637603978 0.995105
637636746 0.936685
637571328 0.597193
637604096 0.579508
637636864 0.566409
637669632 0.553879
637571330 0.597193
637604098 0.579508
637636866 0.566409
637669634 0.553879
637571332 0.764438
637604100 0.728973
637636868 0.684718
637571334 0.764438
637604102 0.728973
637636870 0.684718
637571336 0.846254
637604104 0.812594
637636872 0.774463
637571338 0.846254
637604106 0.812594
637636874 0.774463
637571456 0.401688
637604224 0.411098
637636992 0.418068
637669760 0.424735
637571458 0.401688
637604226 0.411098
637636994 0.418068
637669762 0.424735
637571460 0.402749
637604228 0.410788
637636996 0.42082
637571462 0.402749
637604230 0.410788
637636998 0.42082
637571464 0.269165
637604232 0.287075
637637000 0.307365
637571466 0.269165
637604234 0.287075
637637002 0.307365
637571584 0.274082
637604352 0.301176
637637120 0.321245
637669888 0.340443
637571586 0.274082
637604354 0.301176
637637122 0.321245
637669890 0.340443
637571588 0.107897
637604356 0.151401
637637124 0.205688
637571590 0.107897
637604358 0.151401
637637126 0.205688
637571592 -0.107503
637604360 -0.0559325
637637128 0.0024875
637571594 -0.107503
637604362 -0.0559325
637637130 0.0024875
637571712 0.34198
637604480 0.359664
637637248 0.372764
637670016 0.385294
637571714 0.34198
637604482 0.359664
637637250 0.372764
637670018 0.385294
637571716 0.174734
637604484 0.210199
637637252 0.254454
637571718 0.174734
637604486 0.210199
637637254 0.254454
637571720 0.0929182
637604488 0.126578
637637256 0.164709
637571722 0.0929182
637604490 0.126578
637637258 0.164709
637575168 0.568846
637607936 0.55509
637640704 0.544901
637673472 0.535154
637575170 0.568846
637607938 0.55509
637640706 0.544901
637673474 0.535154
637575172 0.60123
637607940 0.585396
637640708 0.565637
637575174 0.60123
637607942 0.585396
637640710 0.565637
637575176 0.762582
637607944 0.736399
637640712 0.706738
637575178 0.762582
637607946 0.736399
637640714 0.706738
637575296 0.668106
637608064 0.640594
637640832 0.620215
637673600 0.600722
637575298 0.668106
637608066 0.640594
637640834 0.620215
637673602 0.600722
637575300 0.84864
637608068 0.803047
637640836 0.746154
637575302 0.84864
637608070 0.803047
637640838 0.746154
637575304 1.05558
637608072 1.00321
637640840 0.943891
637575306 1.05558
637608074 1.00321
637640842 0.943891
637575424 0.568846
637608192 0.55509
637640960 0.544901
637673728 0.535154
637575426 0.568846
637608194 0.55509
637640962 0.544901
637673730 0.535154
637575428 0.716996
637608196 0.687238
637640964 0.650103
637575430 0.716996
637608198 0.687238
637640966 0.650103
637575432 0.762582
637608200 0.736399
637640968 0.706738
637575434 0.762582
637608202 0.736399
637640970 0.706738
637575552 0.370326
637608320 0.384082
637641088 0.394272
637673856 0.404018
637575554 0.370326
637608322 0.384082
637641090 0.394272
637673858 0.404018
637575556 0.337942
637608324 0.353776
637641092 0.373535
637575558 0.337942
637608326 0.353776
637641094 0.373535
637575560 0.17659
637608328 0.202773
637641096 0.232434
637575562 0.17659
637608330 0.202773
637641098 0.232434
637575680 0.271066
637608448 0.298578
637641216 0.318957
637673984 0.33845
637575682 0.271066
637608450 0.298578
637641218 0.318957
637673986 0.33845
637575684 0.0905321
637608452 0.136125
637641220 0.193018
637575686 0.0905321
637608454 0.136125
637641222 0.193018
637575688 -0.116405
637608456 -0.0640395
637641224 -0.00471822
637575690 -0.116405
637608458 -0.0640395
637641226 -0.00471822
637575808 0.370326
637608576 0.384082
637641344 0.394272
637674112 0.404018
637575810 0.370326
637608578 0.384082
637641346 0.394272
637674114 0.404018
637575812 0.222176
637608580 0.251935
637641348 0.289069
637575814 0.222176
637608582 0.251935
637641350 0.289069
637575816 0.17659
637608584 0.202773
637641352 0.232434
637575818 0.17659
637608586 0.202773
637641354 0.232434
637579264 0.597193
637612032 0.579508
637644800 0.566409
637677568 0.553879
637579266 0.597193
637612034 0.579508
637644802 0.566409
637677570 0.553879
637579268 0.662037
637612036 0.638889
637644804 0.610004
637579270 0.662037
637612038 0.638889
637644806 0.610004
637579272 0.846254
637612040 0.812594
637644808 0.774463
637579274 0.846254
637612042 0.812594
637644810 0.774463
637579392 0.665091
637612160 0.637997
637644928 0.617927
637677696 0.59873
637579394 0.665091
637612162 0.637997
637644930 0.617927
637677698 0.59873
637579396 0.854488
637612164 0.808192
637644932 0.750421
637579398 0.854488
637612166 0.808192
637644934 0.750421
637579400 1.04668
637612168 0.995105
637644936 0.936685
637579402 1.04668
637612170 0.995105
637644938 0.936685
637579520 0.537484
637612288 0.528074
637645056 0.521104
637677824 0.514437
637579522 0.537484
637612290 0.528074
637645058 0.521104
637677826 0.514437
637579524 0.662037
637612292 0.638889
637645060 0.610004
637579526 0.662037
637612294 0.638889
637645062 0.610004
637579528 0.670007
637612296 0.652097
637645064 0.631808
637579530 0.670007
637612298 0.652097
637645066 0.631808
637579648 0.34198
637612416 0.359664
637645184 0.372764
637677952 0.385294
637579650 0.34198
637612418 0.359664
637645186 0.372764
637677954 0.385294
637579652 0.277135
637612420 0.300284
637645188 0.329169
637579654 0.277135
637612422 0.300284
637645190 0.329169
637579656 0.0929182
637612424 0.126578
637645192 0.164709
637579658 0.0929182
637612426 0.126578
637645194 0.164709
637579776 0.274082
637612544 0.301176
637645312 0.321245
637678080 0.340443
637579778 0.274082
637612546 0.301176
637645314 0.321245
637678082 0.340443
637579780 0.0846846
637612548 0.130981
637645316 0.188752
637579782 0.0846846
637612550 0.130981
637645318 0.188752
637579784 -0.107503
637612552 -0.0559325
637645320 0.0024875
637579786 -0.107503
637612554 -0.0559325
637645322 0.0024875
637579904 0.401688
637612672 0.411098
637645440 0.418068
637678208 0.424735
637579906 0.401688
637612674 0.411098
637645442 0.418068
637678210 0.424735
637579908 0.277135
637612676 0.300284
637645444 0.329169
637579910 0.277135
637612678 0.300284
637645446 0.329169
637579912 0.269165
637612680 0.287075
637645448 0.307365
637579914 0.269165
637612682 0.287075
637645450 0.307365
637583360 0.621662
637616128 0.600586
637648896 0.584975
637681664 0.570042
637583362 0.621662
637616130 0.600586
637648898 0.584975
637681666 0.570042
637583364 0.716996
637616132 0.687238
637648900 0.650103
637583366 0.716996
637616134 0.687238
637648902 0.650103
637583368 0.918482
637616136 0.878367
637648904 0.832924
637583370 0.918482
637616138 0.878367
637648906 0.832924
637583488 0.656134
637616256 0.630282
637649024 0.611131
637681792 0.592814
637583490 0.656134
637616258 0.630282
637649026 0.611131
637681794 0.592814
637583492 0.84864
637616260 0.803047
637649028 0.746154
637583494 0.84864
637616262 0.803047
637649030 0.746154
637583496 1.02024
637616264 0.97103
637649032 0.915287
637583498 1.02024
637616266 0.97103
637649034 0.915287
637583616 0.504059
637616384 0.499281
637649152 0.495743
637681920 0.492358
637583618 0.504059
637616386 0.499281
637649154 0.495743
637681922 0.492358
637583620 0.60123
637616388 0.585396
637649156 0.565637
637583622 0.60123
637616390 0.585396
637649158 0.565637
637583624 0.571343
637616392 0.562249
637649160 0.551948
637583626 0.571343
637616394 0.562249
637649162 0.551948
637583744 0.317511
637616512 0.338586
637649280 0.354198
637682048 0.36913
637583746 0.317511
637616514 0.338586
637649282 0.354198
637682050 0.36913
637583748 0.222176
637616516 0.251935
637649284 0.289069
637583750 0.222176
637616518 0.251935
637649286 0.289069
637583752 0.0206907
637616520 0.0608052
637649288 0.106248
637583754 0.0206907
637616522 0.0608052
637649290 0.106248
637583872 0.283038
637616640 0.308891
637649408 0.328041
637682176 0.346359
637583874 0.283038
637616642 0.308891
637649410 0.328041
637682178 0.346359
637583876 0.0905321
637616644 0.136125
637649412 0.193018
637583878 0.0905321
637616646 0.136125
637649414 0.193018
637583880 -0.0810657
637616648 -0.0318579
637649416 0.0238858
637583882 -0.0810657
637616650 -0.0318579
637649418 0.0238858
637584000 0.435114
637616768 0.439891
637649536 0.44343
637682304 0.446815
637584002 0.435114
637616770 0.439891
637649538 0.44343
637682306 0.446815
637584004 0.337942
637616772 0.353776
637649540 0.373535
637584006 0.337942
637616774 0.353776
637649542 0.373535
637584008 0.36783
637616776 0.376923
637649544 0.387224
637584010 0.36783
637616778 0.376923
637649546 0.387224
637587456 0.64151
637620224 0.617684
637652992 0.600035
637685760 0.583153
637587458 0.64151
637620226 0.617684
637652994 0.600035
637685762 0.583153
637587460 0.764438
637620228 0.728973
637652996 0.684718
637587462 0.764438
637620230 0.728973
637652998 0.684718
637587464 0.97707
637620232 0.93172
637653000 0.880346
637587466 0.97707
637620234 0.93172
637653002 0.880346
637587584 0.64151
637620352 0.617684
637653120 0.600035
637685888 0.583153
637587586 0.64151
637620354 0.617684
637653122 0.600035
637685890 0.583153
637587588 0.831275
637620356 0.787771
637653124 0.733484
637587590 0.831275
637620358 0.787771
637653126 0.733484
637587592 0.97707
637620360 0.93172
637653128 0.880346
637587594 0.97707
637620362 0.93172
637653130 0.880346
637587712 0.469586
637620480 0.469586
637653248 0.469586
637686016 0.469586
637587714 0.469586
637620482 0.469586
637653250 0.469586
637686018 0.469586
637587716 0.536424
637620484 0.528384
637653252 0.518353
637587718 0.536424
637620486 0.528384
637653254 0.518353
637587720 0.469586
637620488 0.469586
637653256 0.469586
637587722 0.469586
637620490 0.469586
637653258 0.469586
637587840 0.297663
637620608 0.321489
637653376 0.339138
637686144 0.356019
637587842 0.297663
637620610 0.321489
637653378 0.339138
637686146 0.356019
637587844 0.174734
637620612 0.210199
637653380 0.254454
637587846 0.174734
637620614 0.210199
637653382 0.254454
637587848 -0.0378973
637620616 0.00745279
637653384 0.0588265
637587850 -0.0378973
637620618 0.00745279
637653386 0.0588265
637587968 0.297663
637620736 0.321489
637653504 0.339138
637686272 0.356019
637587970 0.297663
637620738 0.321489
637653506 0.339138
637686274 0.356019
637587972 0.107897
637620740 0.151401
637653508 0.205688
637587974 0.107897
637620742 0.151401
637653510 0.205688
637587976 -0.0378973
637620744 0.00745279
637653512 0.0588265
637587978 -0.0378973
637620746 0.00745279
637653514 0.0588265
637588096 0.469586
637620864 0.469586
637653632 0.469586
637686400 0.469586
637588098 0.469586
637620866 0.469586
637653634 0.469586
637686402 0.469586
637588100 0.402749
637620868 0.410788
637653636 0.42082
637588102 0.402749
637620870 0.410788
637653638 0.42082
637588104 0.469586
637620872 0.469586
637653640 0.469586
637588106 0.469586
637620874 0.469586
637653642 0.469586
637569037 0.498915
637634573 0.498915
637569041 0.498915
637634577 0.498915
637569045 0.498915
637634581 0.498915
637569049 0.498915
637634585 0.498915
637569053 0.498915
637634589 0.498915
637569165 0.69376
637634701 0.69376
637569169 0.69376
637634705 0.69376
637569173 0.69376
637634709 0.69376
637569177 0.69376
637634713 0.69376
637569181 0.69376
637634717 0.69376
637569293 0.828539
637634829 0.828539
637569297 0.828539
637634833 0.828539
637569301 0.828539
637634837 0.828539
637569305 0.828539
637634841 0.828539
637569309 0.828539
637634845 0.828539
637569421 0.867136
637634957 0.867136
637569425 0.867136
637634961 0.867136
637569429 0.867136
637634965 0.867136
637569433 0.867136
637634969 0.867136
637569437 0.867136
637634973 0.867136
637569549 0.79921
637635085 0.79921
637569553 0.79921
637635089 0.79921
637569557 0.79921
637635093 0.79921
637569561 0.79921
637635097 0.79921
637569565 0.79921
637635101 0.79921
637569677 0.642962
637635213 0.642962
637569681 0.642962
637635217 0.642962
637569685 0.642962
637635221 0.642962
637569689 0.642962
637635225 0.642962
637569693 0.642962
637635229 0.642962
637569805 0.440258
637635341 0.440258
637569809 0.440258
637635345 0.440258
637569813 0.440258
637635349 0.440258
637569817 0.440258
637635353 0.440258
637569821 0.440258
637635357 0.440258
637569933 0.245412
637635469 0.245412
637569937 0.245412
637635473 0.245412
637569941 0.245412
637635477 0.245412
637569945 0.245412
637635481 0.245412
637569949 0.245412
637635485 0.245412
637570061 0.110634
637635597 0.110634
637570065 0.110634
637635601 0.110634
637570069 0.110634
637635605 0.110634
637570073 0.110634
637635609 0.110634
637570077 0.110634
637635613 0.110634
637570189 0.0720362
637635725 0.0720362
637570193 0.0720362
637635729 0.0720362
637570197 0.0720362
637635733 0.0720362
637570201 0.0720362
637635737 0.0720362
637570205 0.0720362
637635741 0.0720362
637570317 0.139962
637635853 0.139962
637570321 0.139962
637635857 0.139962
637570325 0.139962
637635861 0.139962
637570329 0.139962
637635865 0.139962
637570333 0.139962
637635869 0.139962
637570445 0.29621
637635981 0.29621
637570449 0.29621
637635985 0.29621
637570453 0.29621
637635989 0.29621
637570457 0.29621
637635993 0.29621
637570461 0.29621
637635997 0.29621
637567008 0.58419
637599776 0.571515
637632544 0.559401
637665312 0.54886
637567010 0.58419
637599778 0.571515
637632546 0.559401
637665314 0.54886
637567012 0.54137
637599780 0.532323
637632548 0.524338
637567014 0.54137
637599782 0.532323
637632550 0.524338
637567016 0.572312
637599784 0.562326
637632552 0.551687
637567018 0.572312
637599786 0.562326
637632554 0.551687
637567021 0.453637
637632557 0.453637
637567025 0.453637
637599793 0.453637
637632561 0.453637
637567029 0.453637
637599797 0.453637
637632565 0.453637
637567033 0.453637
637599801 0.453637
637632569 0.453637
637567037 0.453017
637632573 0.453017
637567136 0.739731
637599904 0.709852
637632672 0.681297
637665440 0.65645
637567138 0.739731
637599906 0.709852
637632674 0.681297
637665442 0.65645
637567140 0.858044
637599908 0.809086
637632676 0.765873
637567142 0.858044
637599910 0.809086
637632678 0.765873
637567144 1.02548
637599912 0.971447
637632680 0.913871
637567146 1.02548
637599914 0.971447
637632682 0.913871
637567149 0.675061
637632685 0.675061
637567153 0.675061
637599921 0.675061
637632689 0.675061
637567157 0.675061
637599925 0.675061
637632693 0.675061
637567161 0.675061
637599929 0.675061
637632697 0.675061
637567165 0.69003
637632701 0.69003
637567264 0.625127
637600032 0.607924
637632800 0.591483
637665568 0.577176
637567266 0.625127
637600034 0.607924
637632802 0.591483
637665570 0.577176
637567268 0.78626
637600036 0.746349
637632804 0.711122
637567270 0.78626
637600038 0.746349
637632806 0.711122
637567272 0.922758
637600040 0.878707
637632808 0.831771
637567274 0.922758
637600042 0.878707
637632810 0.831771
637567277 0.841428
637632813 0.841428
637567281 0.841428
637600049 0.841428
637632817 0.841428
637567285 0.841428
637600053 0.841428
637632821 0.841428
637567289 0.841428
637600057 0.841428
637632825 0.841428
637567293 0.867975
637632829 0.867975
637567392 0.354982
637600160 0.367658
637632928 0.379771
637665696 0.390313
637567394 0.354982
637600162 0.367658
637632930 0.379771
637665698 0.390313
637567396 0.397802
637600164 0.406849
637632932 0.414835
637567398 0.397802
637600166 0.406849
637632934 0.414835
637567400 0.366861
637600168 0.376846
637632936 0.387486
637567402 0.366861
637600170 0.376846
637632938 0.387486
637567405 0.90816
637632941 0.90816
637567409 0.90816
637600177 0.90816
637632945 0.90816
637567413 0.90816
637600181 0.90816
637632949 0.90816
637567417 0.90816
637600185 0.90816
637632953 0.90816
637567421 0.939172
637632957 0.939172
637567520 0.199441
637600288 0.22932
637633056 0.257875
637665824 0.282722
637567522 0.199441
637600290 0.22932
637633058 0.257875
637665826 0.282722
637567524 0.0811283
637600292 0.130086
637633060 0.173299
637567526 0.0811283
637600294 0.130086
637633062 0.173299
637567528 -0.0863112
637600296 -0.0322742
637633064 0.0253013
637567530 -0.0863112
637600298 -0.0322742
637633066 0.0253013
637567533 0.857377
637633069 0.857377
637567537 0.857377
637600305 0.857377
637633073 0.857377
637567541 0.857377
637600309 0.857377
637633077 0.857377
637567545 0.857377
637600313 0.857377
637633081 0.857377
637567549 0.884544
637633085 0.884544
637567648 0.314046
637600416 0.331249
637633184 0.34769
637665952 0.361996
637567650 0.314046
637600418 0.331249
637633186 0.34769
637665954 0.361996
637567652 0.152912
637600420 0.192823
637633188 0.228051
637567654 0.152912
637600422 0.192823
637633190 0.228051
637567656 0.0164145
637600424 0.0604658
637633192 0.107402
637567658 0.0164145
637600426 0.0604658
637633194 0.107402
637567661 0.702686
637633197 0.702686
637567665 0.702686
637600433 0.702686
637633201 0.702686
637567669 0.702686
637600437 0.702686
637633205 0.702686
637567673 0.702686
637600441 0.702686
637633209 0.702686
637567677 0.718729
637633213 0.718729
637567789 0.485535
637633325 0.485535
637567793 0.485535
637600561 0.485535
637633329 0.485535
637567797 0.485535
637600565 0.485535
637633333 0.485535
637567801 0.485535
637600569 0.485535
637633337 0.485535
637567805 0.486155
637633341 0.486155
637567917 0.264111
637633453 0.264111
637567921 0.264111
637600689 0.264111
637633457 0.264111
637567925 0.264111
637600693 0.264111
637633461 0.264111
637567929 0.264111
637600697 0.264111
637633465 0.264111
637567933 0.249142
637633469 0.249142
637568045 0.0977442
637633581 0.0977442
637568049 0.0977442
637600817 0.0977442
637633585 0.0977442
637568053 0.0977442
637600821 0.0977442
637633589 0.0977442
637568057 0.0977442
637600825 0.0977442
637633593 0.0977442
637568061 0.0711972
637633597 0.0711972
637568173 0.0310119
637633709 0.0310119
637568177 0.0310119
637600945 0.0310119
637633713 0.0310119
637568181 0.0310119
637600949 0.0310119
637633717 0.0310119
637568185 0.0310119
637600953 0.0310119
637633721 0.0310119
637568189 2.16322e-08
637633725 2.16322e-08
637568301 0.0817952
637633837 0.0817952
637568305 0.0817952
637601073 0.0817952
637633841 0.0817952
637568309 0.0817952
637601077 0.0817952
637633845 0.0817952
637568313 0.0817952
637601081 0.0817952
637633849 0.0817952
637568317 0.054628
637633853 0.054628
637568429 0.236487
637633965 0.236487
637568433 0.236487
637601201 0.236487
637633969 0.236487
637568437 0.236487
637601205 0.236487
637633973 0.236487
637568441 0.236487
637601209 0.236487
637633977 0.236487
637568445 0.220444
637633981 0.220444
637571104 0.493221
637603872 0.490607
637636640 0.488109
637669408 0.485935
637571106 0.493221
637603874 0.490607
637636642 0.488109
637669410 0.485935
637571108 0.610973
637603876 0.593154
637636644 0.577426
637571110 0.610973
637603878 0.593154
637636646 0.577426
637571112 0.671916
637603880 0.652249
637636648 0.631293
637571114 0.671916
637603882 0.652249
637636650 0.631293
637571232 0.715356
637604000 0.688173
637636768 0.662195
637669536 0.639589
637571234 0.715356
637604002 0.688173
637636770 0.662195
637669538 0.639589
637571236 0.876694
637604004 0.825386
637636772 0.780098
637571238 0.876694
637604006 0.825386
637636774 0.780098
637571240 1.05217
637604008 0.995541
637636776 0.935201
637571242 1.05217
637604010 0.995541
637636778 0.935201
637571360 0.691721
637604128 0.667152
637636896 0.643672
637669664 0.623241
637571362 0.691721
637604130 0.667152
637636898 0.643672
637669666 0.623241
637571364 0.735307
637604132 0.701818
637636900 0.672259
637571366 0.735307
637604134 0.701818
637636902 0.672259
637571368 0.849842
637604136 0.812879
637636904 0.773495
637571370 0.849842
637604138 0.812879
637636906 0.773495
637571488 0.445952
637604256 0.448566
637637024 0.451064
637669792 0.453238
637571490 0.445952
637604258 0.448566
637637026 0.451064
637669794 0.453238
637571492 0.328199
637604260 0.346018
637637028 0.361747
637571494 0.328199
637604262 0.346018
637637030 0.361747
637571496 0.267256
637604264 0.286924
637637032 0.30788
637571498 0.267256
637604266 0.286924
637637034 0.30788
637571616 0.223817
637604384 0.250999
637637152 0.276978
637669920 0.299583
637571618 0.223817
637604386 0.250999
637637154 0.276978
637669922 0.299583
637571620 0.0624782
637604388 0.113787
637637156 0.159074
637571622 0.0624782
637604390 0.113787
637637158 0.159074
637571624 -0.113
637604392 -0.0563689
637637160 0.00397093
637571626 -0.113
637604394 -0.0563689
637637162 0.00397093
637571744 0.247451
637604512 0.27202
637637280 0.2955
637670048 0.315932
637571746 0.247451
637604514 0.27202
637637282 0.2955
637670050 0.315932
637571748 0.203865
637604516 0.237355
637637284 0.266914
637571750 0.203865
637604518 0.237355
637637286 0.266914
637571752 0.08933
637604520 0.126293
637637288 0.165677
637571754 0.08933
637604522 0.126293
637637290 0.165677
637575200 0.661337
637607968 0.640129
637640736 0.619861
637673504 0.602224
637575202 0.661337
637607970 0.640129
637640738 0.619861
637673506 0.602224
637575204 0.67628
637607972 0.65023
637640740 0.627237
637575206 0.67628
637607974 0.65023
637640742 0.627237
637575208 0.765373
637607976 0.736621
637640744 0.705985
637575210 0.765373
637607978 0.736621
637640746 0.705985
637575328 0.731523
637608096 0.702552
637640864 0.674865
637673632 0.650772
637575330 0.731523
637608098 0.702552
637640866 0.674865
637673634 0.650772
637575332 0.882974
637608100 0.830875
637640868 0.784888
637575334 0.882974
637608102 0.830875
637640870 0.784888
637575336 1.06116
637608104 1.00365
637640872 0.942384
637575338 1.06116
637608106 1.00365
637640874 0.942384
637575456 0.539772
637608224 0.532009
637640992 0.52459
637673760 0.518135
637575458 0.539772
637608226 0.532009
637640994 0.52459
637673762 0.518135
637575460 0.67628
637608228 0.65023
637640996 0.627237
637575462 0.67628
637608230 0.65023
637640998 0.627237
637575464 0.765373
637608232 0.736621
637641000 0.705985
637575466 0.765373
637608234 0.736621
637641002 0.705985
637575584 0.277835
637608352 0.299044
637641120 0.319312
637673888 0.336949
637575586 0.277835
637608354 0.299044
637641122 0.319312
637673890 0.336949
637575588 0.262892
637608356 0.288942
637641124 0.311935
637575590 0.262892
637608358 0.288942
637641126 0.311935
637575592 0.173799
637608360 0.202552
637641128 0.233187
637575594 0.173799
637608362 0.202552
637641130 0.233187
637575712 0.20765
637608480 0.236621
637641248 0.264308
637674016 0.2884
637575714 0.20765
637608482 0.236621
637641250 0.264308
637674018 0.2884
637575716 0.056198
637608484 0.108298
637641252 0.154284
637575718 0.056198
637608486 0.108298
637641254 0.154284
637575720 -0.121987
637608488 -0.0644825
637641256 -0.00321192
637575722 -0.121987
637608490 -0.0644825
637641258 -0.00321192
637575840 0.399401
637608608 0.407163
637641376 0.414582
637674144 0.421038
637575842 0.399401
637608610 0.407163
637641378 0.414582
637674146 0.421038
637575844 0.262892
637608612 0.288942
637641380 0.311935
637575846 0.262892
637608614 0.288942
637641382 0.311935
637575848 0.173799
637608616 0.202552
637641384 0.233187
637575850 0.173799
637608618 0.202552
637641386 0.233187
637579300 0.735307
637612068 0.701818
637644836 0.672259
637579302 0.735307
637612070 0.701818
637644838 0.672259
637579304 0.849842
637612072 0.812879
637644840 0.773495
637579306 0.849842
637612074 0.812879
637644842 0.773495
637579428 0.876694
637612196 0.825386
637644964 0.780098
637579430 0.876694
637612198 0.825386
637644966 0.780098
637579432 1.05217
637612200 0.995541
637644968 0.935201
637579434 1.05217
637612202 0.995541
637644970 0.935201
637579556 0.610973
637612324 0.593154
637645092 0.577426
637579558 0.610973
637612326 0.593154
637645094 0.577426
637579560 0.671916
637612328 0.652249
637645096 0.631293
637579562 0.671916
637612330 0.652249
637645098 0.631293
637579684 0.203865
637612452 0.237355
637645220 0.266914
637579686 0.203865
637612454 0.237355
637645222 0.266914
637579688 0.08933
637612456 0.126293
637645224 0.165677
637579690 0.08933
637612458 0.126293
637645226 0.165677
637579812 0.0624782
637612580 0.113787
637645348 0.159074
637579814 0.0624782
637612582 0.113787
637645350 0.159074
637579816 -0.113
637612584 -0.0563689
637645352 0.00397093
637579818 -0.113
637612586 -0.0563689
637645354 0.00397093
637579940 0.328199
637612708 0.346018
637645476 0.361747
637579942 0.328199
637612710 0.346018
637645478 0.361747
637579944 0.267256
637612712 0.286924
637645480 0.30788
637579946 0.267256
637612714 0.286924
637645482 0.30788
637583396 0.78626
637616164 0.746349
637648932 0.711122
637583398 0.78626
637616166 0.746349
637648934 0.711122
637583400 0.922758
637616168 0.878707
637648936 0.831771
637583402 0.922758
637616170 0.878707
637648938 0.831771
637583524 0.858044
637616292 0.809086
637649060 0.765873
637583526 0.858044
637616294 0.809086
637649062 0.765873
637583528 1.02548
637616296 0.971447
637649064 0.913871
637583530 1.02548
637616298 0.971447
637649066 0.913871
637583652 0.54137
637616420 0.532323
637649188 0.524338
637583654 0.54137
637616422 0.532323
637649190 0.524338
637583656 0.572312
637616424 0.562326
637649192 0.551687
637583658 0.572312
637616426 0.562326
637649194 0.551687
637583780 0.152912
637616548 0.192823
637649316 0.228051
637583782 0.152912
637616550 0.192823
637649318 0.228051
637583784 0.0164145
637616552 0.0604658
637649320 0.107402
637583786 0.0164145
637616554 0.0604658
637649322 0.107402
637583908 0.0811283
637616676 0.130086
637649444 0.173299
637583910 0.0811283
637616678 0.130086
637649446 0.173299
637583912 -0.0863112
637616680 -0.0322742
637649448 0.0253013
637583914 -0.0863112
637616682 -0.0322742
637649450 0.0253013
637584036 0.397802
637616804 0.406849
637649572 0.414835
637584038 0.397802
637616806 0.406849
637649574 0.414835
637584040 0.366861
637616808 0.376846
637649576 0.387486
637584042 0.366861
637616810 0.376846
637649578 0.387486
637587492 0.827591
637620260 0.782471
637653028 0.742646
637587494 0.827591
637620262 0.782471
637653030 0.742646
637587496 0.981904
637620264 0.932103
637653032 0.879041
637587498 0.981904
637620266 0.932103
637653034 0.879041
637587620 0.827591
637620388 0.782471
637653156 0.742646
637587622 0.827591
637620390 0.782471
637653158 0.742646
637587624 0.981904
637620392 0.932103
637653160 0.879041
637587626 0.981904
637620394 0.932103
637653162 0.879041
637587748 0.469586
637620516 0.469586
637653284 0.469586
637587750 0.469586
637620518 0.469586
637653286 0.469586
637587752 0.469586
637620520 0.469586
637653288 0.469586
637587754 0.469586
637620522 0.469586
637653290 0.469586
637587876 0.111581
637620644 0.156701
637653412 0.196527
637587878 0.111581
637620646 0.156701
637653414 0.196527
637587880 -0.0427316
637620648 0.00706909
637653416 0.060131
637587882 -0.0427316
637620650 0.00706909
637653418 0.060131
637588004 0.111581
637620772 0.156701
637653540 0.196527
637588006 0.111581
637620774 0.156701
637653542 0.196527
637588008 -0.0427316
637620776 0.00706909
637653544 0.060131
637588010 -0.0427316
637620778 0.00706909
637653546 0.060131
637588132 0.469586
637620900 0.469586
637653668 0.469586
637588134 0.469586
637620902 0.469586
637653670 0.469586
637588136 0.469586
637620904 0.469586
637653672 0.469586
637588138 0.469586
637620906 0.469586
637653674 0.469586
637569069 0.453017
637601837 0.453017
637634605 0.453017
637569073 0.453017
637634609 0.453017
637569077 0.453017
637634613 0.453017
637569081 0.453017
637634617 0.453017
637569085 0.453017
637601853 0.453017
637634621 0.453017
637569197 0.69003
637601965 0.69003
637634733 0.69003
637569201 0.69003
637634737 0.69003
637569205 0.69003
637634741 0.69003
637569209 0.69003
637634745 0.69003
637569213 0.674524
637601981 0.674524
637634749 0.674524
637569325 0.867975
637602093 0.867975
637634861 0.867975
637569329 0.867975
637634865 0.867975
637569333 0.867975
637634869 0.867975
637569337 0.867975
637634873 0.867975
637569341 0.841118
637602109 0.841118
637634877 0.841118
637569453 0.939172
637602221 0.939172
637634989 0.939172
637569457 0.939172
637634993 0.939172
637569461 0.939172
637634997 0.939172
637569465 0.939172
637635001 0.939172
637569469 0.90816
637602237 0.90816
637635005 0.90816
637569581 0.884544
637602349 0.884544
637635117 0.884544
637569585 0.884544
637635121 0.884544
637569589 0.884544
637635125 0.884544
637569593 0.884544
637635129 0.884544
637569597 0.857687
637602365 0.857687
637635133 0.857687
637569709 0.718729
637602477 0.718729
637635245 0.718729
637569713 0.718729
637635249 0.718729
637569717 0.718729
637635253 0.718729
637569721 0.718729
637635257 0.718729
637569725 0.703223
637602493 0.703223
637635261 0.703223
637569837 0.486155
637602605 0.486155
637635373 0.486155
637569841 0.486155
637635377 0.486155
637569845 0.486155
637635381 0.486155
637569849 0.486155
637635385 0.486155
637569853 0.486155
637602621 0.486155
637635389 0.486155
637569965 0.249142
637602733 0.249142
637635501 0.249142
637569969 0.249142
637635505 0.249142
637569973 0.249142
637635509 0.249142
637569977 0.249142
637635513 0.249142
637569981 0.264648
637602749 0.264648
637635517 0.264648
637570093 0.0711972
637602861 0.0711972
637635629 0.0711972
637570097 0.0711972
637635633 0.0711972
637570101 0.0711972
637635637 0.0711972
637570105 0.0711972
637635641 0.0711972
637570109 0.0980543
637602877 0.0980543
637635645 0.0980543
637570221 2.16322e-08
637602989 2.16322e-08
637635757 2.16322e-08
637570225 2.16322e-08
637635761 2.16322e-08
637570229 2.16322e-08
637635765 2.16322e-08
637570233 2.16322e-08
637635769 2.16322e-08
637570237 0.0310119
637603005 0.0310119
637635773 0.0310119
637570349 0.054628
637603117 0.054628
637635885 0.054628
637570353 0.054628
637635889 0.054628
637570357 0.054628
637635893 0.054628
637570361 0.054628
637635897 0.054628
637570365 0.0814851
637603133 0.0814851
637635901 0.0814851
637570477 0.220444
637603245 0.220444
637636013 0.220444
637570481 0.220444
637636017 0.220444
637570485 0.220444
637636021 0.220444
637570489 0.220444
637636025 0.220444
637570493 0.23595
637603261 0.23595
637636029 0.23595
637567040 0.58419
637599808 0.56938
637567042 0.58419
637599810 0.56938
637567044 0.54137
637599812 0.532323
637632580 0.524338
637567046 0.54137
637599814 0.532323
637632582 0.524338
637567048 0.572312
637599816 0.562326
637632584 0.551687
637567050 0.572312
637599818 0.562326
637632586 0.551687
637567053 0.552344
637632589 0.552344
637567057 0.552344
637632593 0.552344
637567061 0.552344
637632597 0.552344
637567065 0.419436
637632601 0.419436
637567069 0.419436
637632605 0.419436
637567168 0.739731
637599936 0.704821
637567170 0.739731
637599938 0.704821
637567172 0.858044
637599940 0.809086
637632708 0.765873
637567174 0.858044
637599942 0.809086
637632710 0.765873
637567176 1.02548
637599944 0.971447
637632712 0.913871
637567178 1.02548
637599946 0.971447
637632714 0.913871
637567181 0.808025
637632717 0.808025
637567185 0.808025
637632721 0.808025
637567189 0.692923
637632725 0.692923
637567193 0.692923
637632729 0.692923
637567197 0.692923
637632733 0.692923
637567296 0.625127
637600064 0.605027
637567298 0.625127
637600066 0.605027
637567300 0.78626
637600068 0.746349
637632836 0.711122
637567302 0.78626
637600070 0.746349
637632838 0.711122
637567304 0.922758
637600072 0.878707
637632840 0.831771
637567306 0.922758
637600074 0.878707
637632842 0.831771
637567309 0.973022
637632845 0.973022
637567313 0.973022
637632849 0.973022
637567317 0.906568
637632853 0.906568
637567321 0.906568
637632857 0.906568
637567325 0.906568
637632861 0.906568
637567424 0.354982
637600192 0.369792
637567426 0.354982
637600194 0.369792
637567428 0.397802
637600196 0.406849
637632964 0.414835
637567430 0.397802
637600198 0.406849
637632966 0.414835
637567432 0.366861
637600200 0.376846
637632968 0.387486
637567434 0.366861
637600202 0.376846
637632970 0.387486
637567437 1.00312
637632973 1.00312
637567441 1.00312
637632977 1.00312
637567445 1.00312
637632981 1.00312
637567449 1.00312
637632985 1.00312
637567453 1.00312
637632989 1.00312
637567552 0.199441
637600320 0.234352
637567554 0.199441
637600322 0.234352
637567556 0.0811283
637600324 0.130086
637633092 0.173299
637567558 0.0811283
637600326 0.130086
637633094 0.173299
637567560 -0.0863112
637600328 -0.0322742
637633096 0.0253013
637567562 -0.0863112
637600330 -0.0322742
637633098 0.0253013
637567565 0.890264
637633101 0.890264
637567569 0.890264
637633105 0.890264
637567573 0.890264
637633109 0.890264
637567577 0.956718
637633113 0.956718
637567581 0.956718
637633117 0.956718
637567680 0.314046
637600448 0.334146
637567682 0.314046
637600450 0.334146
637567684 0.152912
637600452 0.192823
637633220 0.228051
637567686 0.152912
637600454 0.192823
637633222 0.228051
637567688 0.0164145
637600456 0.0604658
637633224 0.107402
637567690 0.0164145
637600458 0.0604658
637633226 0.107402
637567693 0.664685
637633229 0.664685
637567697 0.664685
637633233 0.664685
637567701 0.779786
637633237 0.779786
637567705 0.779786
637633241 0.779786
637567709 0.779786
637633245 0.779786
637567821 0.386829
637633357 0.386829
637567825 0.386829
637633361 0.386829
637567829 0.519737
637633365 0.519737
637567833 0.519737
637633369 0.519737
637567837 0.519737
637633373 0.519737
637567949 0.131148
637633485 0.131148
637567953 0.131148
637633489 0.131148
637567957 0.131148
637633493 0.131148
637567961 0.246249
637633497 0.246249
637567965 0.246249
637633501 0.246249
637568077 -0.0338492
637633613 -0.0338492
637568081 -0.0338492
637633617 -0.0338492
637568085 -0.0338492
637633621 -0.0338492
637568089 0.0326048
637633625 0.0326048
637568093 0.0326048
637633629 0.0326048
637568205 -0.0639509
637633741 -0.0639509
637568209 -0.0639509
637633745 -0.0639509
637568213 -0.0639509
637633749 -0.0639509
637568217 -0.0639509
637633753 -0.0639509
637568221 -0.0639509
637633757 -0.0639509
637568333 0.0489082
637633869 0.0489082
637568337 0.0489082
637633873 0.0489082
637568341 -0.0175458
637633877 -0.0175458
637568345 -0.0175458
637633881 -0.0175458
637568349 -0.0175458
637633885 -0.0175458
637568461 0.274488
637633997 0.274488
637568465 0.274488
637634001 0.274488
637568469 0.274488
637634005 0.274488
637568473 0.159386
637634009 0.159386
637568477 0.159386
637634013 0.159386
637571136 0.493221
637603904 0.490167
637571138 0.493221
637603906 0.490167
637571140 0.610973
637603908 0.593154
637636676 0.577426
637571142 0.610973
637603910 0.593154
637636678 0.577426
637571144 0.671916
637603912 0.652249
637636680 0.631293
637571146 0.671916
637603914 0.652249
637636682 0.631293
637571149 0.419436
637636685 0.419436
637571153 0.419436
637636689 0.419436
637571157 0.419436
637636693 0.419436
637571161 0.552344
637636697 0.552344
637571165 0.552344
637636701 0.552344
637571264 0.715356
637604032 0.683596
637571266 0.715356
637604034 0.683596
637571268 0.876694
637604036 0.825386
637636804 0.780098
637571270 0.876694
637604038 0.825386
637636806 0.780098
637571272 1.05217
637604040 0.995541
637636808 0.935201
637571274 1.05217
637604042 0.995541
637636810 0.935201
637571277 0.692923
637636813 0.692923
637571281 0.692923
637636817 0.692923
637571285 0.808025
637636821 0.808025
637571289 0.808025
637636825 0.808025
637571293 0.808025
637636829 0.808025
637571392 0.691721
637604160 0.663015
637571394 0.691721
637604162 0.663015
637571396 0.735307
637604164 0.701818
637636932 0.672259
637571398 0.735307
637604166 0.701818
637636934 0.672259
637571400 0.849842
637604168 0.812879
637636936 0.773495
637571402 0.849842
637604170 0.812879
637636938 0.773495
637571405 0.906568
637636941 0.906568
637571409 0.906568
637636945 0.906568
637571413 0.973022
637636949 0.973022
637571417 0.973022
637636953 0.973022
637571421 0.973022
637636957 0.973022
637571520 0.445952
637604288 0.449006
637571522 0.445952
637604290 0.449006
637571524 0.328199
637604292 0.346018
637637060 0.361747
637571526 0.328199
637604294 0.346018
637637062 0.361747
637571528 0.267256
637604296 0.286924
637637064 0.30788
637571530 0.267256
637604298 0.286924
637637066 0.30788
637571533 1.00312
637637069 1.00312
637571537 1.00312
637637073 1.00312
637571541 1.00312
637637077 1.00312
637571545 1.00312
637637081 1.00312
637571549 1.00312
637637085 1.00312
637571648 0.223817
637604416 0.255577
637571650 0.223817
637604418 0.255577
637571652 0.0624782
637604420 0.113787
637637188 0.159074
637571654 0.0624782
637604422 0.113787
637637190 0.159074
637571656 -0.113
637604424 -0.0563689
637637192 0.00397093
637571658 -0.113
637604426 -0.0563689
637637194 0.00397093
637571661 0.956718
637637197 0.956718
637571665 0.956718
637637201 0.956718
637571669 0.956718
637637205 0.956718
637571673 0.890264
637637209 0.890264
637571677 0.890264
637637213 0.890264
637571776 0.247451
637604544 0.276157
637571778 0.247451
637604546 0.276157
637571780 0.203865
637604548 0.237355
637637316 0.266914
637571782 0.203865
637604550 0.237355
637637318 0.266914
637571784 0.08933
637604552 0.126293
637637320 0.165677
637571786 0.08933
637604554 0.126293
637637322 0.165677
637571789 0.779786
637637325 0.779786
637571793 0.779786
637637329 0.779786
637571797 0.664685
637637333 0.664685
637571801 0.664685
637637337 0.664685
637571805 0.664685
637637341 0.664685
637571917 0.519737
637637453 0.519737
637571921 0.519737
637637457 0.519737
637571925 0.386829
637637461 0.386829
637571929 0.386829
637637465 0.386829
637571933 0.386829
637637469 0.386829
637572045 0.246249
637637581 0.246249
637572049 0.246249
637637585 0.246249
637572053 0.246249
637637589 0.246249
637572057 0.131148
637637593 0.131148
637572061 0.131148
637637597 0.131148
637572173 0.0326048
637637709 0.0326048
637572177 0.0326048
637637713 0.0326048
637572181 0.0326048
637637717 0.0326048
637572185 -0.0338492
637637721 -0.0338492
637572189 -0.0338492
637637725 -0.0338492
637572301 -0.0639509
637637837 -0.0639509
637572305 -0.0639509
637637841 -0.0639509
637572309 -0.0639509
637637845 -0.0639509
637572313 -0.0639509
637637849 -0.0639509
637572317 -0.0639509
637637853 -0.0639509
637572429 -0.0175458
637637965 -0.0175458
637572433 -0.0175458
637637969 -0.0175458
637572437 0.0489082
637637973 0.0489082
637572441 0.0489082
637637977 0.0489082
637572445 0.0489082
637637981 0.0489082
637572557 0.159386
637638093 0.159386
637572561 0.159386
637638097 0.159386
637572565 0.159386
637638101 0.159386
637572569 0.274488
637638105 0.274488
637572573 0.274488
637638109 0.274488
637575232 0.661337
637608000 0.636558
637575234 0.661337
637608002 0.636558
637575236 0.67628
637608004 0.65023
637640772 0.627237
637575238 0.67628
637608006 0.65023
637640774 0.627237
637575240 0.765373
637608008 0.736621
637640776 0.705985
637575242 0.765373
637608010 0.736621
637640778 0.705985
637575360 0.731523
637608128 0.697673
637575362 0.731523
637608130 0.697673
637575364 0.882974
637608132 0.830875
637640900 0.784888
637575366 0.882974
637608134 0.830875
637640902 0.784888
637575368 1.06116
637608136 1.00365
637640904 0.942384
637575370 1.06116
637608138 1.00365
637640906 0.942384
637575488 0.539772
637608256 0.530702
637575490 0.539772
637608258 0.530702
637575492 0.67628
637608260 0.65023
637641028 0.627237
637575494 0.67628
637608262 0.65023
637641030 0.627237
637575496 0.765373
637608264 0.736621
637641032 0.705985
637575498 0.765373
637608266 0.736621
637641034 0.705985
637575616 0.277835
637608384 0.302615
637575618 0.277835
637608386 0.302615
637575620 0.262892
637608388 0.288942
637641156 0.311935
637575622 0.262892
637608390 0.288942
637641158 0.311935
637575624 0.173799
637608392 0.202552
637641160 0.233187
637575626 0.173799
637608394 0.202552
637641162 0.233187
637575744 0.20765
637608512 0.241499
637575746 0.20765
637608514 0.241499
637575748 0.056198
637608516 0.108298
637641284 0.154284
637575750 0.056198
637608518 0.108298
637641286 0.154284
637575752 -0.121987
637608520 -0.0644825
637641288 -0.00321192
637575754 -0.121987
637608522 -0.0644825
637641290 -0.00321192
637575872 0.399401
637608640 0.40847
637575874 0.399401
637608642 0.40847
637575876 0.262892
637608644 0.288942
637641412 0.311935
637575878 0.262892
637608646 0.288942
637641414 0.311935
637575880 0.173799
637608648 0.202552
637641416 0.233187
637575882 0.173799
637608650 0.202552
637641418 0.233187
637579332 0.735307
637612100 0.701818
637644868 0.672259
637579334 0.735307
637612102 0.701818
637644870 0.672259
637579336 0.849842
637612104 0.812879
637644872 0.773495
637579338 0.849842
637612106 0.812879
637644874 0.773495
637579460 0.876694
637612228 0.825386
637644996 0.780098
637579462 0.876694
637612230 0.825386
637644998 0.780098
637579464 1.05217
637612232 0.995541
637645000 0.935201
637579466 1.05217
637612234 0.995541
637645002 0.935201
637579588 0.610973
637612356 0.593154
637645124 0.577426
637579590 0.610973
637612358 0.593154
637645126 0.577426
637579592 0.671916
637612360 0.652249
637645128 0.631293
637579594 0.671916
637612362 0.652249
637645130 0.631293
637579716 0.203865
637612484 0.237355
637645252 0.266914
637579718 0.203865
637612486 0.237355
637645254 0.266914
637579720 0.08933
637612488 0.126293
637645256 0.165677
637579722 0.08933
637612490 0.126293
637645258 0.165677
637579844 0.0624782
637612612 0.113787
637645380 0.159074
637579846 0.0624782
637612614 0.113787
637645382 0.159074
637579848 -0.113
637612616 -0.0563689
637645384 0.00397093
637579850 -0.113
637612618 -0.0563689
637645386 0.00397093
637579972 0.328199
637612740 0.346018
637645508 0.361747
637579974 0.328199
637612742 0.346018
637645510 0.361747
637579976 0.267256
637612744 0.286924
637645512 0.30788
637579978 0.267256
637612746 0.286924
637645514 0.30788
637583428 0.78626
637616196 0.746349
637648964 0.711122
637583430 0.78626
637616198 0.746349
637648966 0.711122
637583432 0.922758
637616200 0.878707
637648968 0.831771
637583434 0.922758
637616202 0.878707
637648970 0.831771
637583556 0.858044
637616324 0.809086
637649092 0.765873
637583558 0.858044
637616326 0.809086
637649094 0.765873
637583560 1.02548
637616328 0.971447
637649096 0.913871
637583562 1.02548
637616330 0.971447
637649098 0.913871
637583684 0.54137
637616452 0.532323
637649220 0.524338
637583686 0.54137
637616454 0.532323
637649222 0.524338
637583688 0.572312
637616456 0.562326
637649224 0.551687
637583690 0.572312
637616458 0.562326
637649226 0.551687
637583812 0.152912
637616580 0.192823
637649348 0.228051
637583814 0.152912
637616582 0.192823
637649350 0.228051
637583816 0.0164145
637616584 0.0604658
637649352 0.107402
637583818 0.0164145
637616586 0.0604658
637649354 0.107402
637583940 0.0811283
637616708 0.130086
637649476 0.173299
637583942 0.0811283
637616710 0.130086
637649478 0.173299
637583944 -0.0863112
637616712 -0.0322742
637649480 0.0253013
637583946 -0.0863112
637616714 -0.0322742
637649482 0.0253013
637584068 0.397802
637616836 0.406849
637649604 0.414835
637584070 0.397802
637616838 0.406849
637649606 0.414835
637584072 0.366861
637616840 0.376846
637649608 0.387486
637584074 0.366861
637616842 0.376846
637649610 0.387486
637587524 0.827591
637620292 0.782471
637653060 0.742646
637587526 0.827591
637620294 0.782471
637653062 0.742646
637587528 0.981904
637620296 0.932103
637653064 0.879041
637587530 0.981904
637620298 0.932103
637653066 0.879041
637587652 0.827591
637620420 0.782471
637653188 0.742646
637587654 0.827591
637620422 0.782471
637653190 0.742646
637587656 0.981904
637620424 0.932103
637653192 0.879041
637587658 0.981904
637620426 0.932103
637653194 0.879041
637587780 0.469586
637620548 0.469586
637653316 0.469586
637587782 0.469586
637620550 0.469586
637653318 0.469586
637587784 0.469586
637620552 0.469586
637653320 0.469586
637587786 0.469586
637620554 0.469586
637653322 0.469586
637587908 0.111581
637620676 0.156701
637653444 0.196527
637587910 0.111581
637620678 0.156701
637653446 0.196527
637587912 -0.0427316
637620680 0.00706909
637653448 0.060131
637587914 -0.0427316
637620682 0.00706909
637653450 0.060131
637588036 0.111581
637620804 0.156701
637653572 0.196527
637588038 0.111581
637620806 0.156701
637653574 0.196527
637588040 -0.0427316
637620808 0.00706909
637653576 0.060131
637588042 -0.0427316
637620810 0.00706909
637653578 0.060131
637588164 0.469586
637620932 0.469586
637653700 0.469586
637588166 0.469586
637620934 0.469586
637653702 0.469586
637588168 0.469586
637620936 0.469586
637653704 0.469586
637588170 0.469586
637620938 0.469586
637653706 0.469586
637567072 0.58419
637599840 0.573593
637567074 0.58419
637599842 0.573593
637567076 0.54137
637599844 0.532323
637632612 0.524338
637567078 0.54137
637599846 0.532323
637632614 0.524338
637567080 0.572312
637599848 0.562326
637632616 0.551687
637567082 0.572312
637599850 0.562326
637632618 0.551687
637567085 0.47694
637632621 0.47694
637567089 0.47694
637632625 0.47694
637567093 0.47694
637632629 0.47694
637567097 0.29973
637632633 0.29973
637567101 0.29973
637632637 0.29973
637567200 0.739731
637599968 0.714751
637567202 0.739731
637599970 0.714751
637567204 0.858044
637599972 0.809086
637632740 0.765873
637567206 0.858044
637599974 0.809086
637632742 0.765873
637567208 1.02548
637599976 0.971447
637632744 0.913871
637567210 1.02548
637599978 0.971447
637632746 0.913871
637567213 0.78809
637632749 0.78809
637567217 0.78809
637632753 0.78809
637567221 0.634621
637632757 0.634621
637567225 0.634621
637632761 0.634621
637567229 0.634621
637632765 0.634621
637567328 0.625127
637600096 0.610744
637567330 0.625127
637600098 0.610744
637567332 0.78626
637600100 0.746349
637632868 0.711122
637567334 0.78626
637600102 0.746349
637632870 0.711122
637567336 0.922758
637600104 0.878707
637632872 0.831771
637567338 0.922758
637600106 0.878707
637632874 0.831771
637567341 1.0139
637632877 1.0139
637567345 1.0139
637632881 1.0139
637567349 0.925291
637632885 0.925291
637567353 0.925291
637632889 0.925291
637567357 0.925291
637632893 0.925291
637567456 0.354982
637600224 0.365579
637567458 0.354982
637600226 0.365579
637567460 0.397802
637600228 0.406849
637632996 0.414835
637567462 0.397802
637600230 0.406849
637632998 0.414835
637567464 0.366861
637600232 0.376846
637633000 0.387486
637567466 0.366861
637600234 0.376846
637633002 0.387486
637567469 1.09386
637633005 1.09386
637567473 1.09386
637633009 1.09386
637567477 1.09386
637633013 1.09386
637567481 1.09386
637633017 1.09386
637567485 1.09386
637633021 1.09386
637567584 0.199441
637600352 0.224421
637567586 0.199441
637600354 0.224421
637567588 0.0811283
637600356 0.130086
637633124 0.173299
637567590 0.0811283
637600358 0.130086
637633126 0.173299
637567592 -0.0863112
637600360 -0.0322742
637633128 0.0253013
637567594 -0.0863112
637600362 -0.0322742
637633130 0.0253013
637567597 0.925291
637633133 0.925291
637567601 0.925291
637633137 0.925291
637567605 0.925291
637633141 0.925291
637567609 1.0139
637633145 1.0139
637567613 1.0139
637633149 1.0139
637567712 0.314046
637600480 0.328428
637567714 0.314046
637600482 0.328428
637567716 0.152912
637600484 0.192823
637633252 0.228051
637567718 0.152912
637600486 0.192823
637633254 0.228051
637567720 0.0164145
637600488 0.0604658
637633256 0.107402
637567722 0.0164145
637600490 0.0604658
637633258 0.107402
637567725 0.634621
637633261 0.634621
637567729 0.634621
637633265 0.634621
637567733 0.78809
637633269 0.78809
637567737 0.78809
637633273 0.78809
637567741 0.78809
637633277 0.78809
637567853 0.29973
637633389 0.29973
637567857 0.29973
637633393 0.29973
637567861 0.47694
637633397 0.47694
637567865 0.47694
637633401 0.47694
637567869 0.47694
637633405 0.47694
637567981 0.0487189
637633517 0.0487189
637567985 0.0487189
637633521 0.0487189
637567989 0.0487189
637633525 0.0487189
637567993 0.163821
637633529 0.163821
637567997 0.163821
637633533 0.163821
637568109 -0.0755698
637633645 -0.0755698
637568113 -0.0755698
637633649 -0.0755698
637568117 -0.0755698
637633653 -0.0755698
637568121 -0.0755848
637633657 -0.0755848
637568125 -0.0755848
637633661 -0.0755848
637568237 -0.154683
637633773 -0.154683
637568241 -0.154683
637633777 -0.154683
637568245 -0.154683
637633781 -0.154683
637568249 -0.154683
637633785 -0.154683
637568253 -0.154683
637633789 -0.154683
637568365 -0.0755848
637633901 -0.0755848
637568369 -0.0755848
637633905 -0.0755848
637568373 -0.0755698
637633909 -0.0755698
637568377 -0.0755698
637633913 -0.0755698
637568381 -0.0755698
637633917 -0.0755698
637568493 0.163821
637634029 0.163821
637568497 0.163821
637634033 0.163821
637568501 0.163821
637634037 0.163821
637568505 0.0487189
637634041 0.0487189
637568509 0.0487189
637634045 0.0487189
637571168 0.493221
637603936 0.491035
637571170 0.493221
637603938 0.491035
637571172 0.610973
637603940 0.593154
637636708 0.577426
637571174 0.610973
637603942 0.593154
637636710 0.577426
637571176 0.671916
637603944 0.652249
637636712 0.631293
637571178 0.671916
637603946 0.652249
637636714 0.631293
637571181 0.29973
637636717 0.29973
637571185 0.29973
637636721 0.29973
637571189 0.29973
637636725 0.29973
637571193 0.47694
637636729 0.47694
637571197 0.47694
637636733 0.47694
637571296 0.715356
637604064 0.69263
637571298 0.715356
637604066 0.69263
637571300 0.876694
637604068 0.825386
637636836 0.780098
637571302 0.876694
637604070 0.825386
637636838 0.780098
637571304 1.05217
637604072 0.995541
637636840 0.935201
637571306 1.05217
637604074 0.995541
637636842 0.935201
637571309 0.634621
637636845 0.634621
637571313 0.634621
637636849 0.634621
637571317 0.78809
637636853 0.78809
637571321 0.78809
637636857 0.78809
637571325 0.78809
637636861 0.78809
637571424 0.691721
637604192 0.671181
637571426 0.691721
637604194 0.671181
637571428 0.735307
637604196 0.701818
637636964 0.672259
637571430 0.735307
637604198 0.701818
637636966 0.672259
637571432 0.849842
637604200 0.812879
637636968 0.773495
637571434 0.849842
637604202 0.812879
637636970 0.773495
637571437 0.925291
637636973 0.925291
637571441 0.925291
637636977 0.925291
637571445 1.0139
637636981 1.0139
637571449 1.0139
637636985 1.0139
637571453 1.0139
637636989 1.0139
637571552 0.445952
637604320 0.448137
637571554 0.445952
637604322 0.448137
637571556 0.328199
637604324 0.346018
637637092 0.361747
637571558 0.328199
637604326 0.346018
637637094 0.361747
637571560 0.267256
637604328 0.286924
637637096 0.30788
637571562 0.267256
637604330 0.286924
637637098 0.30788
637571565 1.09386
637637101 1.09386
637571569 1.09386
637637105 1.09386
637571573 1.09386
637637109 1.09386
637571577 1.09386
637637113 1.09386
637571581 1.09386
637637117 1.09386
637571680 0.223817
637604448 0.246543
637571682 0.223817
637604450 0.246543
637571684 0.0624782
637604452 0.113787
637637220 0.159074
637571686 0.0624782
637604454 0.113787
637637222 0.159074
637571688 -0.113
637604456 -0.0563689
637637224 0.00397093
637571690 -0.113
637604458 -0.0563689
637637226 0.00397093
637571693 1.0139
637637229 1.0139
637571697 1.0139
637637233 1.0139
637571701 1.0139
637637237 1.0139
637571705 0.925291
637637241 0.925291
637571709 0.925291
637637245 0.925291
637571808 0.247451
637604576 0.267992
637571810 0.247451
637604578 0.267992
637571812 0.203865
637604580 0.237355
637637348 0.266914
637571814 0.203865
637604582 0.237355
637637350 0.266914
637571816 0.08933
637604584 0.126293
637637352 0.165677
637571818 0.08933
637604586 0.126293
637637354 0.165677
637571821 0.78809
637637357 0.78809
637571825 0.78809
637637361 0.78809
637571829 0.634621
637637365 0.634621
637571833 0.634621
637637369 0.634621
637571837 0.634621
637637373 0.634621
637571949 0.47694
637637485 0.47694
637571953 0.47694
637637489 0.47694
637571957 0.29973
637637493 0.29973
637571961 0.29973
637637497 0.29973
637571965 0.29973
637637501 0.29973
637572077 0.183004
637637613 0.183004
637572081 0.183004
637637617 0.183004
637572085 0.183004
637637621 0.183004
637572089 0.0295353
637637625 0.0295353
637572093 0.0295353
637637629 0.0295353
637572333 -0.154683
637637869 -0.154683
637572337 -0.154683
637637873 -0.154683
637572341 -0.154683
637637877 -0.154683
637572345 -0.154683
637637881 -0.154683
637572349 -0.154683
637637885 -0.154683
637572589 0.0295353
637638125 0.0295353
637572593 0.0295353
637638129 0.0295353
637572597 0.0295353
637638133 0.0295353
637572601 0.183004
637638137 0.183004
637572605 0.183004
637638141 0.183004
637575264 0.661337
637608032 0.643606
637575266 0.661337
637608034 0.643606
637575268 0.67628
637608036 0.65023
637640804 0.627237
637575270 0.67628
637608038 0.65023
637640806 0.627237
637575272 0.765373
637608040 0.736621
637640808 0.705985
637575274 0.765373
637608042 0.736621
637640810 0.705985
637575392 0.731523
637608160 0.707302
637575394 0.731523
637608162 0.707302
637575396 0.882974
637608164 0.830875
637640932 0.784888
637575398 0.882974
637608166 0.830875
637640934 0.784888
637575400 1.06116
637608168 1.00365
637640936 0.942384
637575402 1.06116
637608170 1.00365
637640938 0.942384
637575520 0.539772
637608288 0.533282
637575522 0.539772
637608290 0.533282
637575524 0.67628
637608292 0.65023
637641060 0.627237
637575526 0.67628
637608294 0.65023
637641062 0.627237
637575528 0.765373
637608296 0.736621
637641064 0.705985
637575530 0.765373
637608298 0.736621
637641066 0.705985
637575648 0.277835
637608416 0.295566
637575650 0.277835
637608418 0.295566
637575652 0.262892
637608420 0.288942
637641188 0.311935
637575654 0.262892
637608422 0.288942
637641190 0.311935
637575656 0.173799
637608424 0.202552
637641192 0.233187
637575658 0.173799
637608426 0.202552
637641194 0.233187
637575661 1.09386
637641197 1.09386
637575665 1.09386
637641201 1.09386
637575669 1.09386
637641205 1.09386
637575673 1.09386
637641209 1.09386
637575677 1.09386
637641213 1.09386
637575776 0.20765
637608544 0.231871
637575778 0.20765
637608546 0.231871
637575780 0.056198
637608548 0.108298
637641316 0.154284
637575782 0.056198
637608550 0.108298
637641318 0.154284
637575784 -0.121987
637608552 -0.0644825
637641320 -0.00321192
637575786 -0.121987
637608554 -0.0644825
637641322 -0.00321192
637575904 0.399401
637608672 0.40589
637575906 0.399401
637608674 0.40589
637575908 0.262892
637608676 0.288942
637641444 0.311935
637575910 0.262892
637608678 0.288942
637641446 0.311935
637575912 0.173799
637608680 0.202552
637641448 0.233187
637575914 0.173799
637608682 0.202552
637641450 0.233187
637579364 0.735307
637612132 0.701818
637644900 0.672259
637579366 0.735307
637612134 0.701818
637644902 0.672259
637579368 0.849842
637612136 0.812879
637644904 0.773495
637579370 0.849842
637612138 0.812879
637644906 0.773495
637579492 0.876694
637612260 0.825386
637645028 0.780098
637579494 0.876694
637612262 0.825386
637645030 0.780098
637579496 1.05217
637612264 0.995541
637645032 0.935201
637579498 1.05217
637612266 0.995541
637645034 0.935201
637579620 0.610973
637612388 0.593154
637645156 0.577426
637579622 0.610973
637612390 0.593154
637645158 0.577426
637579624 0.671916
637612392 0.652249
637645160 0.631293
637579626 0.671916
637612394 0.652249
637645162 0.631293
637579748 0.203865
637612516 0.237355
637645284 0.266914
637579750 0.203865
637612518 0.237355
637645286 0.266914
637579752 0.08933
637612520 0.126293
637645288 0.165677
637579754 0.08933
637612522 0.126293
637645290 0.165677
637579757 1.09386
637645293 1.09386
637579761 1.09386
637645297 1.09386
637579765 1.09386
637645301 1.09386
637579769 1.09386
637645305 1.09386
637579773 1.09386
637645309 1.09386
637579876 0.0624782
637612644 0.113787
637645412 0.159074
637579878 0.0624782
637612646 0.113787
637645414 0.159074
637579880 -0.113
637612648 -0.0563689
637645416 0.00397093
637579882 -0.113
637612650 -0.0563689
637645418 0.00397093
637580004 0.328199
637612772 0.346018
637645540 0.361747
637580006 0.328199
637612774 0.346018
637645542 0.361747
637580008 0.267256
637612776 0.286924
637645544 0.30788
637580010 0.267256
637612778 0.286924
637645546 0.30788
637583460 0.78626
637616228 0.746349
637648996 0.711122
637583462 0.78626
637616230 0.746349
637648998 0.711122
637583464 0.922758
637616232 0.878707
637649000 0.831771
637583466 0.922758
637616234 0.878707
637649002 0.831771
637583588 0.858044
637616356 0.809086
637649124 0.765873
637583590 0.858044
637616358 0.809086
637649126 0.765873
637583592 1.02548
637616360 0.971447
637649128 0.913871
637583594 1.02548
637616362 0.971447
637649130 0.913871
637583716 0.54137
637616484 0.532323
637649252 0.524338
637583718 0.54137
637616486 0.532323
637649254 0.524338
637583720 0.572312
637616488 0.562326
637649256 0.551687
637583722 0.572312
637616490 0.562326
637649258 0.551687
637583844 0.152912
637616612 0.192823
637649380 0.228051
637583846 0.152912
637616614 0.192823
637649382 0.228051
637583848 0.0164145
637616616 0.0604658
637649384 0.107402
637583850 0.0164145
637616618 0.0604658
637649386 0.107402
637583972 0.0811283
637616740 0.130086
637649508 0.173299
637583974 0.0811283
637616742 0.130086
637649510 0.173299
637583976 -0.0863112
637616744 -0.0322742
637649512 0.0253013
637583978 -0.0863112
637616746 -0.0322742
637649514 0.0253013
637584100 0.397802
637616868 0.406849
637649636 0.414835
637584102 0.397802
637616870 0.406849
637649638 0.414835
637584104 0.366861
637616872 0.376846
637649640 0.387486
637584106 0.366861
637616874 0.376846
637649642 0.387486
637587556 0.827591
637620324 0.782471
637653092 0.742646
637587558 0.827591
637620326 0.782471
637653094 0.742646
637587560 0.981904
637620328 0.932103
637653096 0.879041
637587562 0.981904
637620330 0.932103
637653098 0.879041
637587684 0.827591
637620452 0.782471
637653220 0.742646
637587686 0.827591
637620454 0.782471
637653222 0.742646
637587688 0.981904
637620456 0.932103
637653224 0.879041
637587690 0.981904
637620458 0.932103
637653226 0.879041
637587812 0.469586
637620580 0.469586
637653348 0.469586
637587814 0.469586
637620582 0.469586
637653350 0.469586
637587816 0.469586
637620584 0.469586
637653352 0.469586
637587818 0.469586
637620586 0.469586
637653354 0.469586
637587940 0.111581
637620708 0.156701
637653476 0.196527
637587942 0.111581
637620710 0.156701
637653478 0.196527
637587944 -0.0427316
637620712 0.00706909
637653480 0.060131
637587946 -0.0427316
637620714 0.00706909
637653482 0.060131
637588068 0.111581
637620836 0.156701
637653604 0.196527
637588070 0.111581
637620838 0.156701
637653606 0.196527
637588072 -0.0427316
637620840 0.00706909
637653608 0.060131
637588074 -0.0427316
637620842 0.00706909
637653610 0.060131
637588196 0.469586
637620964 0.469586
637653732 0.469586
637588198 0.469586
637620966 0.469586
637653734 0.469586
637588200 0.469586
637620968 0.469586
637653736 0.469586
637588202 0.469586
637620970 0.469586
637653738 0.469586
